2022-05-18 18:42:57.426342
맨시티 37 90 28 6 3 96 24 72 
리버풀 37 89 27 8 2 91 25 66 
첼시 36 70 20 10 6 73 31 42 
토트넘 37 68 21 5 11 64 40 24 
아스널 37 66 21 3 13 56 47 9 
맨유 37 58 16 10 11 57 56 1 
웨스트햄 37 56 16 8 13 59 48 11 
울버햄튼 37 51 15 6 16 37 40 -3 
레스터 36 48 13 9 14 57 57 0 
브라이튼 37 48 11 15 11 39 43 -4 
브렌트포드 37 46 13 7 17 47 54 -7 
뉴캐슬 37 46 12 10 15 42 61 -19 
팰리스 36 45 10 15 11 47 43 4 
아스톤 빌라 36 44 13 5 18 49 50 -1 
사우샘프턴 37 40 9 13 15 42 63 -21 
에버턴 36 36 10 6 20 39 59 -20 
리즈 37 35 8 11 18 40 78 -38 
번리 36 34 7 13 16 32 50 -18 
왓포드 37 23 6 5 26 33 75 -42 
노리치 37 22 5 7 25 23 79 -56 
